0 0
2 0
4 0
6 0
8 1
10 1
12 1
14 1
16 0
18 0
18.5 1
20 0
22 0
22.5 1
24 1
26 1
26.5 0
28 1
30 1
30.5 0
32.5 0
34.5 0
36.5 0
38.5 0
40.5 1
42.5 1
44.5 1
46.5 1
48.5 0
49.5 0
50.5 0
51.5 0
52.5 0
53.5 0
54.5 0
55.5 0
56.5 1
57.5 1
58.5 1
59.5 1
60.5 1
61.5 1
64 0
64.5 1
65 0
65.5 1
66.5 0
67.5 0
68.5 0
69.5 0
70.5 0
72 1
72.5 0
73 1
73.5 0
74.5 1
75.5 1
76.5 1
77.5 1
78.5 1
80 0
80.5 1
81 0
81.5 1
82.5 0
83.5 0
84.5 0
85.5 0
86.5 0
88 1
88.5 0
89 1
89.5 0
90.5 1
91.5 1
92.5 1
93.5 1
95 0
98 0
98.5 1
99 0
99.5 1
100 0
100.5 1
101 0
101.5 1
106 1
106.5 0
107 1
107.5 0
108 1
108.5 0
109 1
109.5 0
110 1
114.5 1
115 0
115.5 1
116 0
116.5 1
117 0
117.5 1
118 0
122.5 1
123 0
123.5 1
124 0
124.5 1
125 0
125.5 1
126 0
127 0
130 0
131 0
132 0
133 0
134 0
135 0
136 0
137 0
138.5 0
139.5 0
140.5 0
141.5 0
142.5 0
143 1
143.5 0